
21125001 10102003
22125002 080304011992
2
22125005 080308011223
4
22125008 090304011884
6
22125010 080304011992
8
22125012 080304011992
10
22125014 080304011992
12
22125016 080304011992
14
22125018 080304011992
16
22125020 080304011992
18
22125024 080304011992
20
22125026 080304011992
22
22125028 080304011992
24
22125030 080304011992
26
22125032 080304011992
28
22125036 080304011992
30
22125038 080304011992
32
22125040 080304011992
34
22125042 080304011992
36
22125045 080304011992
38
22125047 080304011992
40
22125002 2004-11-05
22125004 2004-08-02
22125005 2004-10-10
22125006 2004-07-07
22125008 2004-10-12
22125009 2004-12-10
22125010 2004-10-10
22125011 2004-12-27
22125012 2004-12-25
22125013 2004-12-06
22125014 2004-06-06
22125015 2004-06-07
22125016 2004-06-28
22125017 2004-12-07
22125018 2004-05-17
22125019 2004-06-12
22125020 2004-12-10
22125022 2004-06-12
22125024 2004-12-06
22125025 2004-04-17
22125026 2004-11-05
22125027 2004-12-23
22125028 2004-01-01
22125029 2004-05-05
22125030 2004-06-05
22125031 2004-07-05
22125032 2004-10-10
22125035 2004-04-04
22125036 2004-04-04
22125037 2004-12-16
22125038 2004-12-23
22125039 2004-03-03
22125040 2004-12-05
22125041 2004-11-05
22125042 2004-12-12
22125043 2004-02-02
22125045 2004-04-17
22125046 2004-04-04
22125047 2004-03-03
22125048 2004-02-02